993
597 218
476 445
734 946
679 402
979 150
908 342
265 104
795 463
865 41
189 36
17 47
582 971
12 863
280 55
900 277
325 750
674 416
355 350
199 186
377 634
483 397
463 791
558 850
751 432
557 509
32 53
485 308
742 822
57 25
183 152
911 230
317 363
187 311
48 88
906 551
187 5
594 933
177 445
73 62
160 51
140 97
265 429
773 640
128 182
921 440
128 365
15 224
760 886
716 756
653 333
65 3
958 485
136 633
436 287
644 603
114 193
603 662
879 616
530 892
55 505
459 372
76 34
301 153
727 809
695 830
14 32
761 558
171 384
587 409
105 391
25 70
170 974
187 981
418 195
21 36
617 569
25 38
229 189
206 37
404 275
388 294
5 4
327 535
731 192
895 304
176 434
345 304
798 259
151 741
209 740
667 496
646 69
10 4
17 25
236 97
351 39
41 312
274 442
846 942
22 8
678 25
41 239
672 376
700 205
517 182
4 1
408 548
213 347
98 854
768 480
66 7
17 50
397 303
38 367
50 949
887 534
286 935
800 873
496 725
903 927
451 546
281 226
232 137
142 421
429 452
142 940
675 571
804 462
479 703
474 157
652 542
806 70
108 57
37 244
220 278
169 31
248 143
534 842
575 106
5 31
130 491
519 762
810 421
101 19
528 52
422 790
419 156
44 84
331 772
285 993
255 14
956 186
514 247
58 820
47 79
154 117
382 521
556 915
145 207
802 855
134 836
144 181
35 509
563 206
373 247
559 450
551 62
403 275
344 161
331 932
799 533
763 131
182 461
14 204
831 814
280 294
18 893
52 324
370 71
747 815
8 103
684 793
720 532
319 242
628 654
121 211
243 269
104 18
871 791
36 410
330 254
1 58
864 533
150 86
496 130
106 39
621 36
924 38
713 50
77 21
83 465
489 429
574 308
785 740
109 217
499 861
692 259
261 81
784 237
12 142
264 210
992 376
355 829
715 977
987 142
540 878
173 912
36 145
764 4
807 376
678 701
148 625
165 275
509 688
243 48
87 222
706 258
57 733
70 118
693 217
56 52
328 47
611 230
6 100
875 301
41 123
20 302
4 51
81 959
146 270
516 444
385 284
608 954
358 433
144 79
677 542
32 482
161 550
164 870
204 867
333 282
55 520
67 7
964 116
320 334
359 647
83 19
721 113
199 585
549 631
441 7
106 590
697 192
83 890
157 556
71 425
59 117
833 117
583 67
473 734
90 84
299 620
805 27
190 37
162 576
294 360
463 441
416 707
74 687
599 251
560 254
125 167
411 475
179 567
42 180
221 78
134 524
448 46
95 343
170 549
316 340
933 961
635 367
327 221
127 57
593 360
386 950
683 347
495 714
778 533
653 673
25 291
200 164
554 603
175 444
614 955
101 558
350 54
144 153
468 20
566 259
424 126
352 826
657 163
158 197
15 111
972 562
742 625
414 397
93 87
527 82
457 169
72 45
116 52
405 138
118 553
682 591
862 364
49 156
823 438
36 219
405 876
824 58
120 21
55 134
89 213
874 891
982 130
282 167
952 244
365 409
205 9
34 6
208 47
235 251
506 658
454 752
16 42
9 271
669 636
655 364
109 3
846 215
913 988
26 176
323 125
256 206
631 929
709 884
636 211
481 53
18 547
532 663
184 240
226 59
309 19
206 694
638 934
52 80
497 258
110 85
520 545
539 317
337 431
183 501
256 642
338 167
6 24
136 159
8 666
37 54
207 395
13 774
753 794
100 107
680 82
571 844
574 788
39 74
861 899
130 126
66 847
671 198
902 281
645 103
33 519
564 155
737 909
632 277
420 281
498 594
177 162
85 174
541 362
601 486
10 18
173 40
21 241
288 6
357 284
344 715
68 6
614 347
428 691
755 380
49 147
356 888
174 757
664 676
44 7
850 930
244 427
12 3
56 341
524 948
54 848
928 538
938 516
313 883
737 163
30 738
67 138
172 16
685 782
860 682
399 470
364 332
786 43
881 614
196 188
121 286
281 561
258 316
438 624
329 191
498 280
206 659
449 600
140 198
337 94
183 250
896 108
288 529
807 960
6 1
267 450
91 37
595 85
293 28
819 301
838 619
189 789
897 644
117 306
63 164
813 951
96 16
473 440
214 114
11 3
573 81
412 42
188 185
253 308
132 67
284 26
386 359
344 591
209 332
202 191
300 9
101 352
12 40
845 836
505 730
135 179
3 49
95 245
287 422
73 98
280 522
598 3
872 106
171 455
966 957
81 2
217 228
456 60
223 374
69 9
64 112
665 851
37 28
270 314
133 494
608 365
75 115
619 333
141 849
568 176
857 237
439 299
467 220
103 133
29 39
79 584
175 148
69 648
689 629
354 356
310 31
482 579
54 336
375 297
95 65
151 372
321 250
190 512
610 354
660 484
968 48
577 841
237 81
139 123
19 82
393 969
443 588
217 268
616 404
163 120
116 382
66 399
743 4
310 828
392 380
296 453
335 138
466 314
690 140
705 363
93 191
596 146
515 308
307 67
303 2
174 704
142 143
59 33
30 272
941 575
787 770
536 531
910 668
38 898
656 710
304 196
400 357
24 71
146 7
858 76
618 446
234 161
194 44
193 393
644 728
552 15
218 211
976 472
832 526
5 227
834 747
416 61
508 708
492 176
220 695
61 279
282 904
490 62
4 21
269 464
10 582
99 19
368 270
138 440
129 1
382 531
944 72
349 101
103 273
174 711
685 610
853 16
508 151
852 516
726 560
486 110
206 283
626 319
782 989
657 869
813 531
13 46
260 134
380 248
760 417
140 602
139 712
234 978
140 263
269 580
184 61
613 6
622 416
100 231
54 670
29 25
298 137
259 212
407 378
247 770
901 331
37 45
437 326
21 30
128 135
122 152
35 4
458 60
10 20
47 60
551 779
502 119
584 640
432 214
73 125
223 10
161 141
698 315
249 94
317 230
795 866
489 638
808 667
62 630
315 255
62 19
6 201
39 289
482 641
295 193
446 164
800 615
17 19
843 485
816 229
396 313
37 64
125 253
732 2
430 247
266 223
260 744
905 729
112 119
495 749
766 68
292 14
668 397
572 311
609 601
664 243
97 24
728 765
802 45
408 218
16 2
167 716
163 980
177 460
72 102
40 212
189 354
586 282
536 661
426 109
678 916
141 134
837 643
390 280
802 818
406 24
379 7
203 123
649 189
696 529
609 817
660 821
504 330
225 581
113 506
21 41
5 428
299 195
288 637
589 433
171 192
530 507
753 689
510 496
953 785
487 267
605 504
170 134
973 681
798 914
100 592
488 780
640 776
322 67
29 346
426 478
812 366
435 81
349 477
8 371
856 837
140 285
717 153
781 923
943 48
84 209
541 801
247 37
109 262
342 533
882 564
803 199
9 8
77 195
267 45
135 381
612 389
254 153
758 520
257 128
686 917
105 51
518 202
116 724
606 532
251 290
75 369
9 89
493 81
108 225
128 27
693 925
305 64
21 162
55 41
719 314
29 650
447 272
75 48
617 699
159 166
868 672
449 499
170 484
1 472
28 63
155 16
171 2
777 258
389 59
261 297
268 643
190 443
747 564
481 628
722 111
681 223
454 282
331 30
130 339
985 163
114 35
417 200
562 270
451 418
149 61
403 937
957 594
411 250
479 198
303 526
686 335
76 825
43 3
161 165
362 350
534 270
607 501
101 276
423 384
665 629
4 358
394 30
813 814
112 495
84 85
511 39
33 540
449 108
469 307
577 261
919 174
78 27
540 542
73 137
859 59
61 735
9 26
771 294
105 258
931 173
63 216
99 246
17 33
140 983
507 130
749 796
606 718
261 366
361 40
775 112
544 201
20 126
964 991
885 76
827 653
398 202
745 294
413 125
139 342
101 124
523 25
759 550
769 322
15 5
811 148
565 128
975 112
792 183
889 523
651 434
44 480
555 142
85 500
532 471
450 554
33 252
378 260
709 146
783 630
29 87
984 269
913 166
990 819
839 92
525 229
627 562
325 259
125 233
17 23
235 100
478 874
99 359
746 106
256 835
624 936
184 320
629 279
122 104
220 169
538 471
922 178
253 604
2 3
186 313
186 107
158 32